7.000000000000000000e+00 5.045619140625000000e+03 -1.130211791992187500e+02 1.442741584777832031e+01
8.000000000000000000e+00 5.032469726562500000e+03 -1.202376785278320312e+02 1.442743015289306641e+01
9.000000000000000000e+00 5.023701660156250000e+03 -1.250494232177734375e+02 1.442743968963623047e+01
1.000000000000000000e+01 5.001784179687500000e+03 -1.370776672363281250e+02 1.442746353149414062e+01
1.100000000000000000e+01 4.979742187500000000e+03 -1.488762512207031250e+02 1.442748928070068359e+01
1.200000000000000000e+01 4.970920410156250000e+03 -1.535879516601562500e+02 1.442749881744384766e+01
1.300000000000000000e+01 4.957689453125000000e+03 -1.606544799804687500e+02 1.442751407623291016e+01
1.900000000000000000e+01 5.058702636718750000e+03 -1.056844177246093750e+02 1.440468215942382812e+01
2.000000000000000000e+01 4.944406738281250000e+03 -1.676234741210937500e+02 1.442752933502197266e+01
2.100000000000000000e+01 4.935550781250000000e+03 -1.722698669433593750e+02 1.442753887176513672e+01
2.200000000000000000e+01 4.913366210937500000e+03 -1.837980804443359375e+02 1.442756271362304688e+01
2.300000000000000000e+01 4.891130371093750000e+03 -1.952269134521484375e+02 1.442758655548095703e+01
2.400000000000000000e+01 4.882205078125000000e+03 -1.997383117675781250e+02 1.442759609222412109e+01
2.500000000000000000e+01 4.868817871093750000e+03 -2.065051116943359375e+02 1.442761039733886719e+01
3.200000000000000000e+01 5.067425781250000000e+03 -1.007928848266601562e+02 1.438952445983886719e+01
3.300000000000000000e+01 4.855419433593750000e+03 -2.132480316162109375e+02 1.442762470245361328e+01
3.400000000000000000e+01 4.846485351562500000e+03 -2.177441406250000000e+02 1.442763423919677734e+01
3.500000000000000000e+01 4.824047851562500000e+03 -2.287723236083984375e+02 1.442765903472900391e+01
3.600000000000000000e+01 4.801610839843750000e+03 -2.398004913330078125e+02 1.442768383026123047e+01
3.700000000000000000e+01 4.792590332031250000e+03 -2.441192321777343750e+02 1.442769241333007812e+01
3.800000000000000000e+01 4.779061035156250000e+03 -2.505966033935546875e+02 1.442770671844482422e+01
4.500000000000000000e+01 5.089204101562500000e+03 -8.851461791992187500e+01 1.434217453002929688e+01
4.600000000000000000e+01 4.765526367187500000e+03 -2.570632019042968750e+02 1.442772006988525391e+01
4.700000000000000000e+01 4.756502441406250000e+03 -2.613747558593750000e+02 1.442772960662841797e+01
4.800000000000000000e+01 4.733859863281250000e+03 -2.719749755859375000e+02 1.442775344848632812e+01
4.900000000000000000e+01 4.711183593750000000e+03 -2.825031127929687500e+02 1.442777729034423828e+01
5.000000000000000000e+01 4.702088867187500000e+03 -2.866641235351562500e+02 1.442778682708740234e+01
5.100000000000000000e+01 4.688449218750000000e+03 -2.929045410156250000e+02 1.442780113220214844e+01
5.800000000000000000e+01 5.110910644531250000e+03 -7.611027526855468750e+01 1.416270446777343750e+01
5.900000000000000000e+01 4.674774902343750000e+03 -2.990712890625000000e+02 1.442781543731689453e+01
6.000000000000000000e+01 4.665658691406250000e+03 -3.031826782226562500e+02 1.442782497406005859e+01
6.100000000000000000e+01 4.642833007812500000e+03 -3.133825378417968750e+02 1.442784881591796875e+01
6.200000000000000000e+01 4.619931152343750000e+03 -3.234106750488281250e+02 1.442787170410156250e+01
6.300000000000000000e+01 4.610764160156250000e+03 -3.274091491699218750e+02 1.442788124084472656e+01
6.400000000000000000e+01 4.597015136718750000e+03 -3.334063415527343750e+02 1.442789459228515625e+01
7.100000000000000000e+01 5.119564941406250000e+03 -7.109878540039062500e+01 1.403896236419677734e+01
7.200000000000000000e+01 4.583210449218750000e+03 -3.392728576660156250e+02 1.442790889739990234e+01
7.300000000000000000e+01 4.574005859375000000e+03 -3.431844177246093750e+02 1.442791748046875000e+01
7.400000000000000000e+01 4.550996093750000000e+03 -3.529625244140625000e+02 1.442794132232666016e+01
7.500000000000000000e+01 4.527886230468750000e+03 -3.625014343261718750e+02 1.442796421051025391e+01
7.600000000000000000e+01 4.518639648437500000e+03 -3.663130187988281250e+02 1.442797279357910156e+01
7.700000000000000000e+01 4.504771972656250000e+03 -3.720295104980468750e+02 1.442798709869384766e+01
8.400000000000000000e+01 5.132545898437500000e+03 -6.358199310302734375e+01 1.385336017608642578e+01
8.500000000000000000e+01 4.490855468750000000e+03 -3.776271362304687500e+02 1.442800045013427734e+01
8.600000000000000000e+01 4.481577148437500000e+03 -3.813591613769531250e+02 1.442800998687744141e+01
8.700000000000000000e+01 4.458361328125000000e+03 -3.906372375488281250e+02 1.442803287506103516e+01
8.800000000000000000e+01 4.435082519531250000e+03 -3.997553100585937500e+02 1.442805576324462891e+01
8.900000000000000000e+01 4.425756347656250000e+03 -4.033666687011718750e+02 1.442806529998779297e+01
9.000000000000000000e+01 4.411768066406250000e+03 -4.087833557128906250e+02 1.442807960510253906e+01
9.700000000000000000e+01 5.145510253906250000e+03 -5.603752136230468750e+01 1.363528823852539062e+01
1.030000000000000000e+02 4.397752441406250000e+03 -4.141255187988281250e+02 1.442809295654296875e+01
1.040000000000000000e+02 4.388406738281250000e+03 -4.176875915527343750e+02 1.442810249328613281e+01
1.050000000000000000e+02 4.364997070312500000e+03 -4.264656066894531250e+02 1.442812538146972656e+01
1.060000000000000000e+02 4.341554687500000000e+03 -4.351538085937500000e+02 1.442814826965332031e+01
1.070000000000000000e+02 4.332153320312500000e+03 -4.385652770996093750e+02 1.442815685272216797e+01
1.080000000000000000e+02 4.318052734375000000e+03 -4.436818237304687500e+02 1.442817020416259766e+01
1.150000000000000000e+02 5.153980468750000000e+03 -5.110820388793945312e+01 1.349280643463134766e+01
1.170000000000000000e+02 4.303939941406250000e+03 -4.487636413574218750e+02 1.442818355560302734e+01
1.180000000000000000e+02 4.294530761718750000e+03 -4.521518554687500000e+02 1.442819309234619141e+01
1.190000000000000000e+02 4.270939453125000000e+03 -4.604298400878906250e+02 1.442821502685546875e+01
1.200000000000000000e+02 4.247338867187500000e+03 -4.686797485351562500e+02 1.442823696136474609e+01
1.210000000000000000e+02 4.237867187500000000e+03 -4.718913269042968750e+02 1.442824649810791016e+01
1.220000000000000000e+02 4.223661621093750000e+03 -4.767077331542968750e+02 1.442825984954833984e+01
1.290000000000000000e+02 5.175296386718750000e+03 -3.843272018432617188e+01 1.289838504791259766e+01
1.300000000000000000e+02 4.209455566406250000e+03 -4.815243530273437500e+02 1.442827224731445312e+01
1.310000000000000000e+02 4.199984375000000000e+03 -4.847355346679687500e+02 1.442828178405761719e+01
1.320000000000000000e+02 4.176224121093750000e+03 -4.925135192871093750e+02 1.442830371856689453e+01
1.330000000000000000e+02 4.152463378906250000e+03 -5.002914733886718750e+02 1.442832565307617188e+01
1.340000000000000000e+02 4.142930175781250000e+03 -5.033132019042968750e+02 1.442833518981933594e+01
1.350000000000000000e+02 4.128630859375000000e+03 -5.078453369140625000e+02 1.442834854125976562e+01
1.420000000000000000e+02 5.196612304687500000e+03 -2.575723457336425781e+01 1.230396270751953125e+01
1.430000000000000000e+02 4.114327148437500000e+03 -5.123618774414062500e+02 1.442836189270019531e+01
1.440000000000000000e+02 4.104790039062500000e+03 -5.153732910156250000e+02 1.442837047576904297e+01
1.450000000000000000e+02 4.080887451171875000e+03 -5.227014770507812500e+02 1.442839241027832031e+01
1.460000000000000000e+02 4.056968994140625000e+03 -5.299793701171875000e+02 1.442841339111328125e+01
1.470000000000000000e+02 4.047379638671875000e+03 -5.328200073242187500e+02 1.442842197418212891e+01
1.480000000000000000e+02 4.032997802734375000e+03 -5.370801391601562500e+02 1.442843532562255859e+01
1.550000000000000000e+02 5.217816894531250000e+03 -1.289617633819580078e+01 1.149292945861816406e+01
1.560000000000000000e+02 4.018602294921875000e+03 -5.412968139648437500e+02 1.442844867706298828e+01
1.570000000000000000e+02 4.009004638671875000e+03 -5.441080932617187500e+02 1.442845726013183594e+01
1.580000000000000000e+02 3.984966796875000000e+03 -5.509797973632812500e+02 1.442847919464111328e+01
1.590000000000000000e+02 3.960901855468750000e+03 -5.577576904296875000e+02 1.442850112915039062e+01
1.600000000000000000e+02 3.951260498046875000e+03 -5.604143066406250000e+02 1.442850875854492188e+01
1.610000000000000000e+02 3.936799316406250000e+03 -5.643988647460937500e+02 1.442852210998535156e+01
1.680000000000000000e+02 5.239000000000000000e+03 -5.200050145504064858e-05 1.064096546173095703e+01
1.690000000000000000e+02 3.922319824218750000e+03 -5.683153686523437500e+02 1.442853450775146484e+01
1.700000000000000000e+02 3.912665527343750000e+03 -5.709267578125000000e+02 1.442854309082031250e+01
1.710000000000000000e+02 3.888500000000000000e+03 -5.773358154296875000e+02 1.442856502532958984e+01
1.720000000000000000e+02 3.864300048828125000e+03 -5.836137084960937500e+02 1.442858695983886719e+01
1.730000000000000000e+02 3.854608642578125000e+03 -5.860841674804687500e+02 1.442859649658203125e+01
1.740000000000000000e+02 3.840073974609375000e+03 -5.897893066406250000e+02 1.442860889434814453e+01
1.820000000000000000e+02 3.825516357421875000e+03 -5.934058837890625000e+02 1.442862224578857422e+01
1.830000000000000000e+02 3.815810302734375000e+03 -5.958171386718750000e+02 1.442863082885742188e+01
1.840000000000000000e+02 3.791525390625000000e+03 -6.017578735351562500e+02 1.442865180969238281e+01
1.850000000000000000e+02 3.767201171875000000e+03 -6.075357666015625000e+02 1.442867183685302734e+01
1.860000000000000000e+02 3.757464355468750000e+03 -6.098176269531250000e+02 1.442868041992187500e+01
1.870000000000000000e+02 3.742859863281250000e+03 -6.132403564453125000e+02 1.442869281768798828e+01
1.940000000000000000e+02 3.728231445312500000e+03 -6.165568237304687500e+02 1.442870521545410156e+01
1.950000000000000000e+02 3.718477539062500000e+03 -6.187681884765625000e+02 1.442871379852294922e+01
1.960000000000000000e+02 3.694081542968750000e+03 -6.242354736328125000e+02 1.442873477935791016e+01
1.970000000000000000e+02 3.669644042968750000e+03 -6.295133056640625000e+02 1.442875576019287109e+01
1.980000000000000000e+02 3.659864013671875000e+03 -6.316049194335937500e+02 1.442876434326171875e+01
1.990000000000000000e+02 3.645195800781250000e+03 -6.347420654296875000e+02 1.442877674102783203e+01
2.060000000000000000e+02 3.630502441406250000e+03 -6.377586059570312500e+02 1.442878913879394531e+01
2.070000000000000000e+02 3.620705566406250000e+03 -6.397698364257812500e+02 1.442879772186279297e+01
2.080000000000000000e+02 3.596207519531250000e+03 -6.447590332031250000e+02 1.442881870269775391e+01
2.090000000000000000e+02 3.571666992187500000e+03 -6.495368041992187500e+02 1.442883968353271484e+01
2.100000000000000000e+02 3.561847656250000000e+03 -6.514364013671875000e+02 1.442884731292724609e+01
2.110000000000000000e+02 3.547121093750000000e+03 -6.542852783203125000e+02 1.442885971069335938e+01
2.180000000000000000e+02 3.532368652343750000e+03 -6.570018920898437500e+02 1.442887210845947266e+01
2.190000000000000000e+02 3.522533447265625000e+03 -6.588130493164062500e+02 1.442887973785400391e+01
2.200000000000000000e+02 3.497941894531250000e+03 -6.633199462890625000e+02 1.442890071868896484e+01
2.210000000000000000e+02 3.473309326171875000e+03 -6.675977172851562500e+02 1.442892074584960938e+01
2.220000000000000000e+02 3.463455078125000000e+03 -6.693035278320312500e+02 1.442892932891845703e+01
2.230000000000000000e+02 3.448674804687500000e+03 -6.718619995117187500e+02 1.442894172668457031e+01
2.300000000000000000e+02 3.433870849609375000e+03 -6.742785034179687500e+02 1.442895317077636719e+01
2.310000000000000000e+02 3.424000244140625000e+03 -6.758897705078125000e+02 1.442896175384521484e+01
2.320000000000000000e+02 3.399324462890625000e+03 -6.799106445312500000e+02 1.442898178100585938e+01
2.330000000000000000e+02 3.374610351562500000e+03 -6.836883544921875000e+02 1.442900276184082031e+01
2.340000000000000000e+02 3.364723876953125000e+03 -6.851991577148437500e+02 1.442901039123535156e+01
2.350000000000000000e+02 3.349896240234375000e+03 -6.874650268554687500e+02 1.442902278900146484e+01
2.420000000000000000e+02 3.335046142578125000e+03 -6.895816040039062500e+02 1.442903518676757812e+01
2.430000000000000000e+02 3.325145263671875000e+03 -6.909927368164062500e+02 1.442904281616210938e+01
2.440000000000000000e+02 3.300394042968750000e+03 -6.945204467773437500e+02 1.442906188964843750e+01
2.450000000000000000e+02 3.275609375000000000e+03 -6.978021240234375000e+02 1.442908191680908203e+01
2.460000000000000000e+02 3.265694824218750000e+03 -6.991132202148437500e+02 1.442908954620361328e+01
2.470000000000000000e+02 3.250823974609375000e+03 -7.010798339843750000e+02 1.442910099029541016e+01
2.540000000000000000e+02 3.235935302734375000e+03 -7.029013061523437500e+02 1.442911338806152344e+01
2.550000000000000000e+02 3.226007812500000000e+03 -7.041157836914062500e+02 1.442912101745605469e+01
2.560000000000000000e+02 3.201190673828125000e+03 -7.071434936523437500e+02 1.442914199829101562e+01
2.570000000000000000e+02 3.176345703125000000e+03 -7.099331665039062500e+02 1.442916107177734375e+01
2.580000000000000000e+02 3.166406494140625000e+03 -7.110443115234375000e+02 1.442916870117187500e+01
2.590000000000000000e+02 3.151499511718750000e+03 -7.127108154296875000e+02 1.442918109893798828e+01
2.660000000000000000e+02 3.136577148437500000e+03 -7.142363891601562500e+02 1.442919254302978516e+01
2.670000000000000000e+02 3.126627929687500000e+03 -7.152535400390625000e+02 1.442920017242431641e+01
2.680000000000000000e+02 3.101754882812500000e+03 -7.177811889648437500e+02 1.442921924591064453e+01
2.690000000000000000e+02 3.076859375000000000e+03 -7.200764770507812500e+02 1.442923927307128906e+01
2.700000000000000000e+02 3.066899414062500000e+03 -7.209876098632812500e+02 1.442924690246582031e+01
2.710000000000000000e+02 3.051962158203125000e+03 -7.223541259765625000e+02 1.442925834655761719e+01
2.780000000000000000e+02 3.037012207031250000e+03 -7.235824584960937500e+02 1.442927074432373047e+01
2.790000000000000000e+02 3.027045166015625000e+03 -7.244014282226562500e+02 1.442927837371826172e+01
2.800000000000000000e+02 3.002126464843750000e+03 -7.264290161132812500e+02 1.442929744720458984e+01
2.810000000000000000e+02 2.977190185546875000e+03 -7.282279663085937500e+02 1.442931652069091797e+01
2.820000000000000000e+02 2.967214355468750000e+03 -7.289390869140625000e+02 1.442932319641113281e+01
2.830000000000000000e+02 2.952252197265625000e+03 -7.300055541992187500e+02 1.442933464050292969e+01
2.900000000000000000e+02 2.937281250000000000e+03 -7.309356079101562500e+02 1.442934608459472656e+01
2.910000000000000000e+02 2.927299316406250000e+03 -7.315557250976562500e+02 1.442935371398925781e+01
2.920000000000000000e+02 2.902344970703125000e+03 -7.330833129882812500e+02 1.442937374114990234e+01
2.930000000000000000e+02 2.877377685546875000e+03 -7.343843994140625000e+02 1.442939186096191406e+01
2.940000000000000000e+02 2.867389404296875000e+03 -7.348955078125000000e+02 1.442939949035644531e+01
2.950000000000000000e+02 2.852409179687500000e+03 -7.356619873046875000e+02 1.442941093444824219e+01
3.020000000000000000e+02 2.837422363281250000e+03 -7.362929687500000000e+02 1.442942142486572266e+01
3.030000000000000000e+02 2.827430419921875000e+03 -7.367136840820312500e+02 1.442942905426025391e+01
3.040000000000000000e+02 2.802450439453125000e+03 -7.377412109375000000e+02 1.442944812774658203e+01
3.050000000000000000e+02 2.777462158203125000e+03 -7.385432739257812500e+02 1.442946624755859375e+01
3.060000000000000000e+02 2.767466064453125000e+03 -7.388543090820312500e+02 1.442947387695312500e+01
3.070000000000000000e+02 2.752473144531250000e+03 -7.393208618164062500e+02 1.442948436737060547e+01
3.140000000000000000e+02 2.737477050781250000e+03 -7.396521606445312500e+02 1.442949581146240234e+01
3.150000000000000000e+02 2.727478271484375000e+03 -7.398731079101562500e+02 1.442950344085693359e+01
3.160000000000000000e+02 2.702482666015625000e+03 -7.404006347656250000e+02 1.442952156066894531e+01
3.170000000000000000e+02 2.677483398437500000e+03 -7.407030029296875000e+02 1.442954063415527344e+01
3.180000000000000000e+02 2.667482666015625000e+03 -7.408140258789062500e+02 1.442954730987548828e+01
3.190000000000000000e+02 2.652483886718750000e+03 -7.409805297851562500e+02 1.442955875396728516e+01
3.260000000000000000e+02 2.637483886718750000e+03 -7.410119018554687500e+02 1.442957019805908203e+01
3.270000000000000000e+02 2.627482910156250000e+03 -7.410328369140625000e+02 1.442957687377929688e+01
3.280000000000000000e+02 2.602481689453125000e+03 -7.410603637695312500e+02 1.442959594726562500e+01
3.290000000000000000e+02 2.577481445312500000e+03 -7.408626708984375000e+02 1.442961311340332031e+01
3.300000000000000000e+02 2.567481201171875000e+03 -7.407736816406250000e+02 1.442962074279785156e+01
3.310000000000000000e+02 2.552481201171875000e+03 -7.406401367187500000e+02 1.442963123321533203e+01
3.380000000000000000e+02 2.537484130859375000e+03 -7.403715209960937500e+02 1.442964172363281250e+01
3.390000000000000000e+02 2.527484130859375000e+03 -7.401924438476562500e+02 1.442964935302734375e+01
3.400000000000000000e+02 2.502487548828125000e+03 -7.397199096679687500e+02 1.442966842651367188e+01
3.410000000000000000e+02 2.477496337890625000e+03 -7.390222167968750000e+02 1.442968559265136719e+01
3.420000000000000000e+02 2.467499267578125000e+03 -7.387332153320312500e+02 1.442969226837158203e+01
3.430000000000000000e+02 2.452505615234375000e+03 -7.382996826171875000e+02 1.442970275878906250e+01
3.500000000000000000e+02 2.437516357421875000e+03 -7.377312622070312500e+02 1.442971420288085938e+01
3.510000000000000000e+02 2.427522460937500000e+03 -7.373522338867187500e+02 1.442972183227539062e+01
3.520000000000000000e+02 2.402540283203125000e+03 -7.363796386718750000e+02 1.442973995208740234e+01
3.530000000000000000e+02 2.377567871093750000e+03 -7.351824951171875000e+02 1.442975807189941406e+01
3.540000000000000000e+02 2.367578369140625000e+03 -7.346934204101562500e+02 1.442976474761962891e+01
3.550000000000000000e+02 2.352596679687500000e+03 -7.339599609375000000e+02 1.442977523803710938e+01
3.620000000000000000e+02 2.337621582031250000e+03 -7.330919799804687500e+02 1.442978572845458984e+01
3.630000000000000000e+02 2.327637451171875000e+03 -7.325133666992187500e+02 1.442979240417480469e+01
3.640000000000000000e+02 2.302679687500000000e+03 -7.310407714843750000e+02 1.442980861663818359e+01
3.650000000000000000e+02 2.277736328125000000e+03 -7.293450317382812500e+02 1.442982578277587891e+01
3.660000000000000000e+02 2.267759277343750000e+03 -7.286559448242187500e+02 1.442983341217041016e+01
3.670000000000000000e+02 2.252794677734375000e+03 -7.276223754882812500e+02 1.442984390258789062e+01
3.740000000000000000e+02 2.237840332031250000e+03 -7.264556884765625000e+02 1.442985439300537109e+01
3.750000000000000000e+02 2.227869384765625000e+03 -7.256777954101562500e+02 1.442986106872558594e+01
3.760000000000000000e+02 2.202946044921875000e+03 -7.237052001953125000e+02 1.442987918853759766e+01
3.770000000000000000e+02 2.178041503906250000e+03 -7.215120849609375000e+02 1.442989540100097656e+01
3.780000000000000000e+02 2.168079833984375000e+03 -7.206229858398437500e+02 1.442990207672119141e+01
3.790000000000000000e+02 2.153139404296875000e+03 -7.192894897460937500e+02 1.442991256713867188e+01
3.860000000000000000e+02 2.138210937500000000e+03 -7.178248291015625000e+02 1.442992305755615234e+01
3.870000000000000000e+02 2.128257812500000000e+03 -7.168483276367187500e+02 1.442992973327636719e+01
3.880000000000000000e+02 2.103379150390625000e+03 -7.143757324218750000e+02 1.442994689941406250e+01
3.890000000000000000e+02 2.078523193359375000e+03 -7.116870117187500000e+02 1.442996406555175781e+01
3.900000000000000000e+02 2.068582031250000000e+03 -7.105979003906250000e+02 1.442997074127197266e+01
3.910000000000000000e+02 2.053670654296875000e+03 -7.089643554687500000e+02 1.442998027801513672e+01
3.980000000000000000e+02 2.038775024414062500e+03 -7.072030029296875000e+02 1.442999076843261719e+01
3.990000000000000000e+02 2.028842773437500000e+03 -7.060286254882812500e+02 1.442999744415283203e+01
4.000000000000000000e+02 2.004018920898437500e+03 -7.030559082031250000e+02 1.443001365661621094e+01
4.010000000000000000e+02 1.979221313476562500e+03 -6.998737182617187500e+02 1.443003082275390625e+01
4.020000000000000000e+02 1.969303588867187500e+03 -6.985845336914062500e+02 1.443003749847412109e+01
4.030000000000000000e+02 1.954428710937500000e+03 -6.966510009765625000e+02 1.443004703521728516e+01
4.100000000000000000e+02 1.939570556640625000e+03 -6.945942993164062500e+02 1.443005657196044922e+01
4.110000000000000000e+02 1.929663940429687500e+03 -6.932229614257812500e+02 1.443006324768066406e+01
4.120000000000000000e+02 1.904905151367187500e+03 -6.897503051757812500e+02 1.443007850646972656e+01
4.130000000000000000e+02 1.880175537109375000e+03 -6.860770874023437500e+02 1.443009471893310547e+01
4.140000000000000000e+02 1.870285400390625000e+03 -6.845878295898437500e+02 1.443010139465332031e+01
4.150000000000000000e+02 1.855453125000000000e+03 -6.823543701171875000e+02 1.443011188507080078e+01
4.220000000000000000e+02 1.840638061523437500e+03 -6.800038452148437500e+02 1.443912029266357422e+01
4.230000000000000000e+02 1.830760986328125000e+03 -6.784367675781250000e+02 1.444512653350830078e+01
4.240000000000000000e+02 1.806077514648437500e+03 -6.744640502929687500e+02 1.446438598632812500e+01
4.250000000000000000e+02 1.781425292968750000e+03 -6.703028564453125000e+02 1.463923549652099609e+01
4.260000000000000000e+02 1.771567993164062500e+03 -6.686137084960937500e+02 1.472950935363769531e+01
4.270000000000000000e+02 1.756783325195312500e+03 -6.660801391601562500e+02 1.486490821838378906e+01
4.340000000000000000e+02 1.742018188476562500e+03 -6.634379272460937500e+02 1.511072254180908203e+01
4.350000000000000000e+02 1.732173461914062500e+03 -6.616762084960937500e+02 1.527462100982666016e+01
4.360000000000000000e+02 1.707575561523437500e+03 -6.572034301757812500e+02 1.575423908233642578e+01
4.370000000000000000e+02 1.683010131835937500e+03 -6.525576171875000000e+02 1.640987968444824219e+01
4.380000000000000000e+02 1.673188842773437500e+03 -6.506683349609375000e+02 1.670350074768066406e+01
4.390000000000000000e+02 1.658459106445312500e+03 -6.478348388671875000e+02 1.714385986328125000e+01
4.460000000000000000e+02 1.643748413085937500e+03 -6.449029541015625000e+02 1.768446922302246094e+01
4.470000000000000000e+02 1.633940551757812500e+03 -6.429482421875000000e+02 1.804490280151367188e+01
4.480000000000000000e+02 1.609438964843750000e+03 -6.379754028320312500e+02 1.903376579284667969e+01
4.490000000000000000e+02 1.584969360351562500e+03 -6.328489379882812500e+02 2.017489624023437500e+01
4.500000000000000000e+02 1.575189208984375000e+03 -6.307597045898437500e+02 2.066953277587890625e+01
4.510000000000000000e+02 1.560519775390625000e+03 -6.276260986328125000e+02 2.141144180297851562e+01
4.580000000000000000e+02 1.545869750976562500e+03 -6.244071655273437500e+02 2.217808341979980469e+01
4.590000000000000000e+02 1.536101440429687500e+03 -6.222608642578125000e+02 2.268926239013671875e+01
4.600000000000000000e+02 1.511706665039062500e+03 -6.167880249023437500e+02 2.399825859069824219e+01
4.610000000000000000e+02 1.487341796875000000e+03 -6.111851806640625000e+02 2.530725288391113281e+01
4.620000000000000000e+02 1.477606079101562500e+03 -6.088958740234375000e+02 2.583089065551757812e+01
4.630000000000000000e+02 1.463004394531250000e+03 -6.054623413085937500e+02 2.661624526977539062e+01
4.700000000000000000e+02 1.448419433593750000e+03 -6.019589233398437500e+02 2.740161132812500000e+01
4.710000000000000000e+02 1.438695068359375000e+03 -5.996231079101562500e+02 2.792523765563964844e+01
4.720000000000000000e+02 1.414417846679687500e+03 -5.936502075195312500e+02 2.923423004150390625e+01
4.730000000000000000e+02 1.390166259765625000e+03 -5.875758666992187500e+02 3.054322242736816406e+01
4.740000000000000000e+02 1.380480346679687500e+03 -5.850866699218750000e+02 3.106682968139648438e+01
4.750000000000000000e+02 1.365951904296875000e+03 -5.813529663085937500e+02 3.185221290588378906e+01
4.820000000000000000e+02 1.351437866210937500e+03 -5.775683593750000000e+02 3.263254165649414062e+01
4.830000000000000000e+02 1.341760009765625000e+03 -5.750447998046875000e+02 3.315286254882812500e+01
4.840000000000000000e+02 1.317611328125000000e+03 -5.685718994140625000e+02 3.443741226196289062e+01
4.850000000000000000e+02 1.293481079101562500e+03 -5.620313720703125000e+02 3.569498062133789062e+01
4.860000000000000000e+02 1.283848388671875000e+03 -5.593420410156250000e+02 3.616896057128906250e+01
4.870000000000000000e+02 1.269400878906250000e+03 -5.553084716796875000e+02 3.687985610961914062e+01
4.940000000000000000e+02 1.254961669921875000e+03 -5.512457885742187500e+02 3.757847595214843750e+01
4.950000000000000000e+02 1.245334350585937500e+03 -5.485369873046875000e+02 3.804428482055664062e+01
4.960000000000000000e+02 1.221325317382812500e+03 -5.415640869140625000e+02 3.912394332885742188e+01
4.970000000000000000e+02 1.197324462890625000e+03 -5.345631713867187500e+02 4.019180297851562500e+01
4.980000000000000000e+02 1.187749511718750000e+03 -5.316737060546875000e+02 4.058150100708007812e+01
4.990000000000000000e+02 1.173389526367187500e+03 -5.273402709960937500e+02 4.116594696044921875e+01
5.060000000000000000e+02 1.159029785156250000e+03 -5.230031738281250000e+02 4.174897003173828125e+01
5.070000000000000000e+02 1.149456176757812500e+03 -5.201116333007812500e+02 4.213767623901367188e+01
5.080000000000000000e+02 1.125598022460937500e+03 -5.126386718750000000e+02 4.300598907470703125e+01
5.090000000000000000e+02 1.101739868164062500e+03 -5.051657409667968750e+02 4.387429809570312500e+01
5.100000000000000000e+02 1.092225708007812500e+03 -5.020837097167968750e+02 4.418226623535156250e+01
5.110000000000000000e+02 1.077955566406250000e+03 -4.974610290527343750e+02 4.464418411254882812e+01
5.180000000000000000e+02 1.063689453125000000e+03 -4.928275451660156250e+02 4.510144424438476562e+01
5.190000000000000000e+02 1.054177124023437500e+03 -4.897380676269531250e+02 4.540633010864257812e+01
5.200000000000000000e+02 1.030466918945312500e+03 -4.818089904785156250e+02 4.608066177368164062e+01
5.210000000000000000e+02 1.006771118164062500e+03 -4.738360290527343750e+02 4.673628234863281250e+01
5.220000000000000000e+02 9.973164672851562500e+02 -4.705751342773437500e+02 4.696800613403320312e+01
5.230000000000000000e+02 9.831365356445312500e+02 -4.656844787597656250e+02 4.731554412841796875e+01
5.300000000000000000e+02 9.689708862304687500e+02 -4.607508544921875000e+02 4.764476394653320312e+01
5.310000000000000000e+02 9.595263671875000000e+02 -4.574614868164062500e+02 4.786426162719726562e+01
5.320000000000000000e+02 9.359690551757812500e+02 -4.490893554687500000e+02 4.834896850585937500e+01
5.330000000000000000e+02 9.124474487304687500e+02 -4.406163330078125000e+02 4.879037857055664062e+01
5.340000000000000000e+02 9.030557861328125000e+02 -4.371799621582031250e+02 4.894665908813476562e+01
5.350000000000000000e+02 8.889689331054687500e+02 -4.320256347656250000e+02 4.918107223510742188e+01
5.420000000000000000e+02 8.749119873046875000e+02 -4.267922058105468750e+02 4.938126754760742188e+01
5.430000000000000000e+02 8.655389404296875000e+02 -4.233026123046875000e+02 4.951475524902343750e+01
5.440000000000000000e+02 8.421407470703125000e+02 -4.144953613281250000e+02 4.981200408935546875e+01
5.450000000000000000e+02 8.188053588867187500e+02 -4.055223388671875000e+02 5.003751373291015625e+01
5.460000000000000000e+02 8.094780883789062500e+02 -4.019134521484375000e+02 5.011928558349609375e+01
5.470000000000000000e+02 7.954888916015625000e+02 -3.965007629394531250e+02 5.024193191528320312e+01
5.540000000000000000e+02 7.815468750000000000e+02 -3.909671936035156250e+02 5.031204605102539062e+01
5.550000000000000000e+02 7.725103759765625000e+02 -3.873805847167968750e+02 5.035749053955078125e+01
5.560000000000000000e+02 7.495339355468750000e+02 -3.782554016113281250e+02 5.047212982177734375e+01
5.570000000000000000e+02 7.397654418945312500e+02 -3.742558593750000000e+02 5.050224304199218750e+01
5.610000000000000000e+02 8.548300201027814182e-08 -5.189090046542332857e-08 5.456000137329101562e+01
5.640000000000000000e+02 7.266550903320312500e+02 -3.688880310058593750e+02 5.054265213012695312e+01
5.650000000000000000e+02 7.212567138671875000e+02 -3.666777343750000000e+02 5.055929183959960938e+01
5.690000000000000000e+02 8.548295974731445312e+00 -5.189088821411132812e+00 5.450999832153320312e+01
5.730000000000000000e+02 7.037763061523437500e+02 -3.595206298828125000e+02 5.061317443847656250e+01
5.740000000000000000e+02 7.027518920898437500e+02 -3.590903320312500000e+02 5.061833572387695312e+01
5.780000000000000000e+02 1.709659194946289062e+01 -1.037817764282226562e+01 5.445999908447265625e+01
5.810000000000000000e+02 6.843126220703125000e+02 -3.513452453613281250e+02 5.071125030517578125e+01
5.850000000000000000e+02 2.564488601684570312e+01 -1.556726646423339844e+01 5.440999984741210938e+01
5.860000000000000000e+02 2.113328552246093750e+01 -1.282858085632324219e+01 5.443638992309570312e+01
5.890000000000000000e+02 6.809832763671875000e+02 -3.499468078613281250e+02 5.072802352905273438e+01
5.900000000000000000e+02 6.658845825195312500e+02 -3.435730895996093750e+02 5.080997085571289062e+01
5.940000000000000000e+02 3.419318389892578125e+01 -2.075635528564453125e+01 5.436000061035156250e+01
5.970000000000000000e+02 6.582072753906250000e+02 -3.403322143554687500e+02 5.085163879394531250e+01
5.980000000000000000e+02 6.474910278320312500e+02 -3.357203369140625000e+02 5.090997314453125000e+01
6.020000000000000000e+02 4.274358749389648438e+01 -2.594192123413085938e+01 5.431000137329101562e+01
6.030000000000000000e+02 4.226657104492187500e+01 -2.565716171264648438e+01 5.431277847290039062e+01
6.060000000000000000e+02 6.354990234375000000e+02 -3.305594482421875000e+02 5.097525024414062500e+01
6.070000000000000000e+02 6.291310424804687500e+02 -3.277892761230468750e+02 5.100997543334960938e+01
6.110000000000000000e+02 5.132987213134765625e+01 -3.106760215759277344e+01 5.425999832153320312e+01
6.140000000000000000e+02 6.128289184570312500e+02 -3.206976013183593750e+02 5.109886550903320312e+01
6.150000000000000000e+02 6.107954101562500000e+02 -3.198015136718750000e+02 5.110997390747070312e+01
6.190000000000000000e+02 5.991615295410156250e+01 -3.619328308105468750e+01 5.420999908447265625e+01
6.220000000000000000e+02 5.924939575195312500e+02 -3.117365722656250000e+02 5.120997619628906250e+01
6.260000000000000000e+02 7.712342834472656250e+01 -4.638670349121093750e+01 5.411000061035156250e+01
6.270000000000000000e+02 6.349377059936523438e+01 -3.832898330688476562e+01 5.418916702270507812e+01
6.300000000000000000e+02 5.902062377929687500e+02 -3.107284545898437500e+02 5.122247695922851562e+01
6.310000000000000000e+02 5.742361450195312500e+02 -3.035726013183593750e+02 5.130997848510742188e+01
6.350000000000000000e+02 9.435829162597656250e+01 -5.653325271606445312e+01 5.400999832153320312e+01
6.360000000000000000e+02 8.477516937255859375e+01 -5.091033172607421875e+01 5.406555557250976562e+01
6.390000000000000000e+02 5.676453247070312500e+02 -3.006193847656250000e+02 5.134608840942382812e+01
6.400000000000000000e+02 5.559973144531250000e+02 -2.953666381835937500e+02 5.140998077392578125e+01
6.440000000000000000e+02 1.116345748901367188e+02 -6.660879516601562500e+01 5.390999984741210938e+01
6.450000000000000000e+02 1.060976104736328125e+02 -6.342132568359375000e+01 5.394194412231445312e+01
6.480000000000000000e+02 5.451088867187500000e+02 -2.904564514160156250e+02 5.146970367431640625e+01
6.490000000000000000e+02 5.377942504882812500e+02 -2.870819396972656250e+02 5.150997924804687500e+01
6.530000000000000000e+02 1.289676666259765625e+02 -7.658695983886718750e+01 5.380999755859375000e+01
6.540000000000000000e+02 1.275232467651367188e+02 -7.575544738769531250e+01 5.381833267211914062e+01
6.570000000000000000e+02 5.226604003906250000e+02 -2.801001586914062500e+02 5.159331512451171875e+01
6.580000000000000000e+02 5.196336059570312500e+02 -2.787037963867187500e+02 5.160998153686523438e+01
6.620000000000000000e+02 1.463007659912109375e+02 -8.656512451171875000e+01 5.370999908447265625e+01
6.650000000000000000e+02 5.014730529785156250e+02 -2.703256835937500000e+02 5.170998382568359375e+01
6.690000000000000000e+02 1.637253875732421875e+02 -9.638215637207031250e+01 5.360999679565429688e+01
6.700000000000000000e+02 1.489488830566406250e+02 -8.808956909179687500e+01 5.369472122192382812e+01
6.730000000000000000e+02 5.002118835449218750e+02 -2.697438659667968750e+02 5.171692657470703125e+01
6.740000000000000000e+02 4.833987426757812500e+02 -2.617631835937500000e+02 5.180998229980468750e+01
6.780000000000000000e+02 1.811699371337890625e+02 -1.061641311645507812e+02 5.350999832153320312e+01
6.790000000000000000e+02 1.705080566406250000e+02 -1.001885910034179688e+02 5.357110977172851562e+01
6.820000000000000000e+02 4.778780212402343750e+02 -2.591426696777343750e+02 5.184054183959960938e+01
6.830000000000000000e+02 4.653315124511718750e+02 -2.531856384277343750e+02 5.190998458862304688e+01
6.870000000000000000e+02 1.986428680419921875e+02 -1.158948593139648438e+02 5.340999603271484375e+01
6.880000000000000000e+02 1.920741271972656250e+02 -1.122754821777343750e+02 5.344749832153320312e+01
6.910000000000000000e+02 4.555452270507812500e+02 -2.485391387939453125e+02 5.196415328979492188e+01
6.920000000000000000e+02 4.472976989746093750e+02 -2.445385894775390625e+02 5.200998687744140625e+01
6.960000000000000000e+02 2.161651763916015625e+02 -1.255363082885742188e+02 5.330999755859375000e+01
6.970000000000000000e+02 2.137266540527343750e+02 -1.242060089111328125e+02 5.332388687133789062e+01
7.000000000000000000e+02 4.333019409179687500e+02 -2.377497711181640625e+02 5.208776473999023438e+01
7.010000000000000000e+02 4.293084411621093750e+02 -2.357990875244140625e+02 5.210998916625976562e+01
7.050000000000000000e+02 2.337224731445312500e+02 -1.351144561767578125e+02 5.320999526977539062e+01
7.080000000000000000e+02 4.113377990722656250e+02 -2.270209503173828125e+02 5.220998764038085938e+01
7.120000000000000000e+02 2.513117218017578125e+02 -1.446332855224609375e+02 5.310999679565429688e+01
7.130000000000000000e+02 2.354294433593750000e+02 -1.360456695556640625e+02 5.320027542114257812e+01
7.160000000000000000e+02 4.110881958007812500e+02 -2.268990325927734375e+02 5.221137619018554688e+01
7.170000000000000000e+02 3.934160766601562500e+02 -2.181440277099609375e+02 5.230998992919921875e+01
7.210000000000000000e+02 2.689525756835937500e+02 -1.540561828613281250e+02 5.300999450683593750e+01
7.220000000000000000e+02 2.571759338378906250e+02 -1.478040924072265625e+02 5.307666397094726562e+01
7.250000000000000000e+02 3.889358215332031250e+02 -2.159244537353515625e+02 5.233499145507812500e+01
7.260000000000000000e+02 3.755321350097656250e+02 -2.091908416748046875e+02 5.240998840332031250e+01
7.300000000000000000e+02 2.866192626953125000e+02 -1.634309997558593750e+02 5.290999603271484375e+01
7.310000000000000000e+02 2.790117797851562500e+02 -1.593965301513671875e+02 5.295304870605468750e+01
7.340000000000000000e+02 3.668445739746093750e+02 -2.048264770507812500e+02 5.245860290527343750e+01
7.350000000000000000e+02 3.576730041503906250e+02 -2.001882934570312500e+02 5.250999069213867188e+01
7.390000000000000000e+02 3.043078613281250000e+02 -1.727640075683593750e+02 5.280999374389648438e+01
7.400000000000000000e+02 3.008526306152343750e+02 -1.709793701171875000e+02 5.282943725585937500e+01
7.430000000000000000e+02 3.532111816406250000e+02 -1.979318847656250000e+02 5.253499221801757812e+01
7.440000000000000000e+02 3.447832336425781250e+02 -1.936697845458984375e+02 5.258221435546875000e+01
7.450000000000000000e+02 3.309623718261718750e+02 -1.865312194824218750e+02 5.265999221801757812e+01
7.460000000000000000e+02 3.228179321289062500e+02 -1.823245697021484375e+02 5.270582580566406250e+01
7.470000000000000000e+02 3.087502746582031250e+02 -1.750585327148437500e+02 5.278499221801757812e+01
7.550000000000000000e+02 5.009089843750000000e+03 -1.330682525634765625e+02 1.442745590209960938e+01
7.560000000000000000e+02 5.016395996093750000e+03 -1.290588378906250000e+02 1.442744731903076172e+01
7.570000000000000000e+02 4.987089843750000000e+03 -1.449433898925781250e+02 1.442748069763183594e+01
7.580000000000000000e+02 4.994437011718750000e+03 -1.410105285644531250e+02 1.442747211456298828e+01
7.600000000000000000e+02 5.052161132812500000e+03 -1.093527984619140625e+02 1.441604900360107422e+01
7.610000000000000000e+02 4.920760742187500000e+03 -1.799553527832031250e+02 1.442755508422851562e+01
7.620000000000000000e+02 4.928155761718750000e+03 -1.761126098632812500e+02 1.442754650115966797e+01
7.630000000000000000e+02 4.898542480468750000e+03 -1.914172973632812500e+02 1.442757892608642578e+01
7.640000000000000000e+02 4.905954101562500000e+03 -1.876076965332031250e+02 1.442757034301757812e+01
7.650000000000000000e+02 4.875511718750000000e+03 -2.031217041015625000e+02 1.442760276794433594e+01
7.670000000000000000e+02 4.831527343750000000e+03 -2.250962524414062500e+02 1.442765045166015625e+01
7.680000000000000000e+02 4.839006347656250000e+03 -2.214201965332031250e+02 1.442764282226562500e+01
7.690000000000000000e+02 4.809089843750000000e+03 -2.361244354248046875e+02 1.442767524719238281e+01
7.700000000000000000e+02 4.816568847656250000e+03 -2.324483795166015625e+02 1.442766666412353516e+01
7.720000000000000000e+02 5.074685058593750000e+03 -9.670013427734375000e+01 1.437374114990234375e+01
7.730000000000000000e+02 5.081944335937500000e+03 -9.260737609863281250e+01 1.435795783996582031e+01
7.740000000000000000e+02 4.741407226562500000e+03 -2.684415588378906250e+02 1.442774581909179688e+01
7.750000000000000000e+02 4.748954589843750000e+03 -2.649081726074218750e+02 1.442773723602294922e+01
7.760000000000000000e+02 4.718742187500000000e+03 -2.789937438964843750e+02 1.442776966094970703e+01
7.770000000000000000e+02 4.726301269531250000e+03 -2.754843444824218750e+02 1.442776107788085938e+01
7.790000000000000000e+02 5.096439453125000000e+03 -8.437983703613281250e+01 1.428235149383544922e+01
7.800000000000000000e+02 5.103674804687500000e+03 -8.024505615234375000e+01 1.422252750396728516e+01
7.810000000000000000e+02 4.681612304687500000e+03 -2.959879150390625000e+02 1.442780876159667969e+01
7.820000000000000000e+02 4.650441406250000000e+03 -3.099825744628906250e+02 1.442784118652343750e+01
7.830000000000000000e+02 4.658049804687500000e+03 -3.065826416015625000e+02 1.442783260345458984e+01
7.840000000000000000e+02 4.627564941406250000e+03 -3.200679626464843750e+02 1.442786407470703125e+01
7.850000000000000000e+02 4.635199218750000000e+03 -3.167252502441406250e+02 1.442785644531250000e+01
7.860000000000000000e+02 4.603889648437500000e+03 -3.304077453613281250e+02 1.442788791656494141e+01
7.880000000000000000e+02 4.558666015625000000e+03 -3.497031555175781250e+02 1.442793273925781250e+01
7.890000000000000000e+02 4.566335937500000000e+03 -3.464437866210937500e+02 1.442792510986328125e+01
7.900000000000000000e+02 4.535589355468750000e+03 -3.593217773437500000e+02 1.442795658111572266e+01
7.910000000000000000e+02 4.543292480468750000e+03 -3.561421508789062500e+02 1.442794895172119141e+01
7.930000000000000000e+02 5.126055664062500000e+03 -6.734038543701171875e+01 1.394616127014160156e+01
7.940000000000000000e+02 4.497813476562500000e+03 -3.748283081054687500e+02 1.442799377441406250e+01
7.950000000000000000e+02 4.466099609375000000e+03 -3.875445556640625000e+02 1.442802524566650391e+01
7.960000000000000000e+02 4.473838378906250000e+03 -3.844518737792968750e+02 1.442801761627197266e+01
7.970000000000000000e+02 4.442841796875000000e+03 -3.967159423828125000e+02 1.442804813385009766e+01
7.980000000000000000e+02 4.450601562500000000e+03 -3.936766052246093750e+02 1.442804050445556641e+01
7.990000000000000000e+02 4.418762207031250000e+03 -4.060750122070312500e+02 1.442807197570800781e+01
8.010000000000000000e+02 5.139028320312500000e+03 -5.980975723266601562e+01 1.374432373046875000e+01
8.030000000000000000e+02 4.372800292968750000e+03 -4.235396118164062500e+02 1.442811775207519531e+01
8.040000000000000000e+02 4.380603515625000000e+03 -4.206135864257812500e+02 1.442811012268066406e+01
8.050000000000000000e+02 4.349368652343750000e+03 -4.322577514648437500e+02 1.442814064025878906e+01
8.060000000000000000e+02 4.357183105468750000e+03 -4.293616638183593750e+02 1.442813301086425781e+01
8.080000000000000000e+02 4.278803222656250000e+03 -4.576705322265625000e+02 1.442820739746093750e+01
8.090000000000000000e+02 4.286666992187500000e+03 -4.549111938476562500e+02 1.442819976806640625e+01
8.100000000000000000e+02 4.255206054687500000e+03 -4.659297790527343750e+02 1.442822933197021484e+01
8.110000000000000000e+02 4.263072753906250000e+03 -4.631798095703125000e+02 1.442822265625000000e+01
8.130000000000000000e+02 5.164638183593750000e+03 -4.477046203613281250e+01 1.319559574127197266e+01
8.140000000000000000e+02 4.216558593750000000e+03 -4.791160583496093750e+02 1.442826652526855469e+01
8.150000000000000000e+02 4.184144042968750000e+03 -4.899208679199218750e+02 1.442829608917236328e+01
8.160000000000000000e+02 4.192064453125000000e+03 -4.873282165527343750e+02 1.442828941345214844e+01
8.170000000000000000e+02 4.160383789062500000e+03 -4.976988220214843750e+02 1.442831897735595703e+01
8.180000000000000000e+02 4.168303710937500000e+03 -4.951061706542968750e+02 1.442831134796142578e+01
8.190000000000000000e+02 4.135780761718750000e+03 -5.055792846679687500e+02 1.442834186553955078e+01
8.210000000000000000e+02 5.185954589843750000e+03 -3.209497833251953125e+01 1.260117435455322266e+01
8.220000000000000000e+02 4.088854980468750000e+03 -5.202587280273437500e+02 1.442838478088378906e+01
8.230000000000000000e+02 4.096822753906250000e+03 -5.178160400390625000e+02 1.442837810516357422e+01
8.240000000000000000e+02 4.064941894531250000e+03 -5.275534057617187500e+02 1.442840671539306641e+01
8.250000000000000000e+02 4.072914550781250000e+03 -5.251274414062500000e+02 1.442839908599853516e+01
8.270000000000000000e+02 5.207214355468750000e+03 -1.932670593261718750e+01 1.189844608306884766e+01
8.280000000000000000e+02 4.025800048828125000e+03 -5.391884765625000000e+02 1.442844200134277344e+01
8.290000000000000000e+02 3.992979492187500000e+03 -5.486892089843750000e+02 1.442847251892089844e+01
8.300000000000000000e+02 4.000991943359375000e+03 -5.463986816406250000e+02 1.442846488952636719e+01
8.310000000000000000e+02 3.968923583984375000e+03 -5.554984130859375000e+02 1.442849349975585938e+01
8.320000000000000000e+02 3.976945068359375000e+03 -5.532391357421875000e+02 1.442848682403564453e+01
8.330000000000000000e+02 3.944029785156250000e+03 -5.624065551757812500e+02 1.442851543426513672e+01
8.350000000000000000e+02 5.228408203125000000e+03 -6.448113918304443359e+00 1.106694698333740234e+01
8.360000000000000000e+02 3.896555175781250000e+03 -5.751994628906250000e+02 1.442855739593505859e+01
8.370000000000000000e+02 3.904610351562500000e+03 -5.730631103515625000e+02 1.442855072021484375e+01
8.380000000000000000e+02 3.872366699218750000e+03 -5.815210571289062500e+02 1.442858028411865234e+01
8.390000000000000000e+02 3.880433349609375000e+03 -5.794284667968750000e+02 1.442857265472412109e+01
8.410000000000000000e+02 3.832795166015625000e+03 -5.915975952148437500e+02 1.442861557006835938e+01
8.420000000000000000e+02 3.799620361328125000e+03 -5.997776489257812500e+02 1.442864418029785156e+01
8.430000000000000000e+02 3.807715332031250000e+03 -5.977974243164062500e+02 1.442863750457763672e+01
8.440000000000000000e+02 3.775309326171875000e+03 -6.056098022460937500e+02 1.442866516113281250e+01
8.450000000000000000e+02 3.783417480468750000e+03 -6.036838378906250000e+02 1.442865848541259766e+01
8.460000000000000000e+02 3.750162109375000000e+03 -6.115289916992187500e+02 1.442868614196777344e+01
8.480000000000000000e+02 3.702213623046875000e+03 -6.224130249023437500e+02 1.442872810363769531e+01
8.490000000000000000e+02 3.710345458984375000e+03 -6.205906372070312500e+02 1.442872142791748047e+01
8.500000000000000000e+02 3.677789794921875000e+03 -6.277540283203125000e+02 1.442874908447265625e+01
8.510000000000000000e+02 3.685935791015625000e+03 -6.259947509765625000e+02 1.442874240875244141e+01
8.530000000000000000e+02 3.604373535156250000e+03 -6.430959472656250000e+02 1.442881202697753906e+01
8.540000000000000000e+02 3.612539550781250000e+03 -6.414329223632812500e+02 1.442880439758300781e+01
8.550000000000000000e+02 3.579847167968750000e+03 -6.479442138671875000e+02 1.442883205413818359e+01
8.560000000000000000e+02 3.588027343750000000e+03 -6.463516235351562500e+02 1.442882537841796875e+01
8.580000000000000000e+02 3.539744873046875000e+03 -6.556436157226562500e+02 1.442886543273925781e+01
8.590000000000000000e+02 3.506139160156250000e+03 -6.618176269531250000e+02 1.442889404296875000e+01
8.600000000000000000e+02 3.514336181640625000e+03 -6.603153686523437500e+02 1.442888736724853516e+01
8.610000000000000000e+02 3.481520263671875000e+03 -6.661717529296875000e+02 1.442891407012939453e+01
8.620000000000000000e+02 3.489731201171875000e+03 -6.647458496093750000e+02 1.442890739440917969e+01
8.630000000000000000e+02 3.456064941406250000e+03 -6.705827636718750000e+02 1.442893505096435547e+01
8.650000000000000000e+02 3.407549804687500000e+03 -6.785703735351562500e+02 1.442897510528564453e+01
8.660000000000000000e+02 3.415774902343750000e+03 -6.772300415039062500e+02 1.442896842956542969e+01
8.670000000000000000e+02 3.382848388671875000e+03 -6.824291381835937500e+02 1.442899608612060547e+01
8.680000000000000000e+02 3.391086425781250000e+03 -6.811698608398437500e+02 1.442898941040039062e+01
8.700000000000000000e+02 3.342471191406250000e+03 -6.885233154296875000e+02 1.442902851104736328e+01
8.710000000000000000e+02 3.308644531250000000e+03 -6.933445434570312500e+02 1.442905521392822266e+01
8.720000000000000000e+02 3.316894775390625000e+03 -6.921686401367187500e+02 1.442904853820800781e+01
8.730000000000000000e+02 3.283870849609375000e+03 -6.967082519531250000e+02 1.442907524108886719e+01
8.740000000000000000e+02 3.292132568359375000e+03 -6.956143188476562500e+02 1.442906856536865234e+01
8.750000000000000000e+02 3.258259521484375000e+03 -7.000965576171875000e+02 1.442909526824951172e+01
8.770000000000000000e+02 3.209463134765625000e+03 -7.061342773437500000e+02 1.442913532257080078e+01
8.780000000000000000e+02 3.217735595703125000e+03 -7.051250610351562500e+02 1.442912769317626953e+01
8.790000000000000000e+02 3.184627441406250000e+03 -7.090032348632812500e+02 1.442915439605712891e+01
8.800000000000000000e+02 3.192909179687500000e+03 -7.080733642578125000e+02 1.442914867401123047e+01
8.820000000000000000e+02 3.144038330078125000e+03 -7.134735717773437500e+02 1.442918682098388672e+01
8.830000000000000000e+02 3.110045898437500000e+03 -7.169386596679687500e+02 1.442921352386474609e+01
8.840000000000000000e+02 3.118336914062500000e+03 -7.160960693359375000e+02 1.442920684814453125e+01
8.850000000000000000e+02 3.085157958984375000e+03 -7.193114013671875000e+02 1.442923259735107422e+01
8.860000000000000000e+02 3.093456542968750000e+03 -7.185462646484375000e+02 1.442922592163085938e+01
8.880000000000000000e+02 3.044487304687500000e+03 -7.229682617187500000e+02 1.442926406860351562e+01
8.890000000000000000e+02 3.010432617187500000e+03 -7.257531738281250000e+02 1.442929077148437500e+01
8.900000000000000000e+02 3.018739013671875000e+03 -7.250772705078125000e+02 1.442928504943847656e+01
8.910000000000000000e+02 2.985502197265625000e+03 -7.276283569335937500e+02 1.442930984497070312e+01
8.920000000000000000e+02 2.993814208984375000e+03 -7.270286865234375000e+02 1.442930412292480469e+01
8.930000000000000000e+02 2.959733398437500000e+03 -7.294723510742187500e+02 1.442932891845703125e+01
8.950000000000000000e+02 2.910663085937500000e+03 -7.325741577148437500e+02 1.442936706542968750e+01
8.960000000000000000e+02 2.918981201171875000e+03 -7.320649414062500000e+02 1.442936038970947266e+01
8.970000000000000000e+02 2.885700195312500000e+03 -7.339507446289062500e+02 1.442938613891601562e+01
8.980000000000000000e+02 2.894022460937500000e+03 -7.335170288085937500e+02 1.442937946319580078e+01
9.000000000000000000e+02 2.844915771484375000e+03 -7.359774780273437500e+02 1.442941665649414062e+01
9.010000000000000000e+02 2.810777099609375000e+03 -7.373986816406250000e+02 1.442944145202636719e+01
9.020000000000000000e+02 2.819103759765625000e+03 -7.370562133789062500e+02 1.442943572998046875e+01
9.030000000000000000e+02 2.785791503906250000e+03 -7.382759399414062500e+02 1.442945957183837891e+01
9.040000000000000000e+02 2.794120849609375000e+03 -7.380086059570312500e+02 1.442945384979248047e+01
9.050000000000000000e+02 2.759969726562500000e+03 -7.390875854492187500e+02 1.442947959899902344e+01
9.070000000000000000e+02 2.710814453125000000e+03 -7.402247924804687500e+02 1.442951583862304688e+01
9.080000000000000000e+02 2.719146240234375000e+03 -7.400489501953125000e+02 1.442950916290283203e+01
9.090000000000000000e+02 2.685816406250000000e+03 -7.406022338867187500e+02 1.442953395843505859e+01
9.100000000000000000e+02 2.694149414062500000e+03 -7.405014038085937500e+02 1.442952823638916016e+01
9.120000000000000000e+02 2.644983886718750000e+03 -7.409962158203125000e+02 1.442956447601318359e+01
9.130000000000000000e+02 2.610815429687500000e+03 -7.410512084960937500e+02 1.442958927154541016e+01
9.140000000000000000e+02 2.619149169921875000e+03 -7.410419921875000000e+02 1.442958354949951172e+01
9.150000000000000000e+02 2.585814941406250000e+03 -7.409285278320312500e+02 1.442960739135742188e+01
9.160000000000000000e+02 2.594148193359375000e+03 -7.409944458007812500e+02 1.442960166931152344e+01
9.170000000000000000e+02 2.559981201171875000e+03 -7.407069091796875000e+02 1.442962551116943359e+01
9.190000000000000000e+02 2.510819824218750000e+03 -7.398774414062500000e+02 1.442966175079345703e+01
9.200000000000000000e+02 2.519152099609375000e+03 -7.400349121093750000e+02 1.442965602874755859e+01
9.210000000000000000e+02 2.485826660156250000e+03 -7.392548217773437500e+02 1.442967987060546875e+01
9.220000000000000000e+02 2.494157226562500000e+03 -7.394873657226562500e+02 1.442967414855957031e+01
9.230000000000000000e+02 2.460002441406250000e+03 -7.385164794921875000e+02 1.442969799041748047e+01
9.250000000000000000e+02 2.410867675781250000e+03 -7.367038574218750000e+02 1.442973423004150391e+01
9.260000000000000000e+02 2.419195068359375000e+03 -7.370280151367187500e+02 1.442972755432128906e+01
9.270000000000000000e+02 2.385892089843750000e+03 -7.355815429687500000e+02 1.442975234985351562e+01
9.280000000000000000e+02 2.394216064453125000e+03 -7.359805908203125000e+02 1.442974567413330078e+01
9.300000000000000000e+02 2.345109130859375000e+03 -7.335259399414062500e+02 1.442978000640869141e+01
9.310000000000000000e+02 2.310999023437500000e+03 -7.315316162109375000e+02 1.442980289459228516e+01
9.320000000000000000e+02 2.319318359375000000e+03 -7.320224609375000000e+02 1.442979717254638672e+01
9.330000000000000000e+02 2.286050781250000000e+03 -7.299102783203125000e+02 1.442982006072998047e+01
9.340000000000000000e+02 2.294365234375000000e+03 -7.304755249023437500e+02 1.442981433868408203e+01
9.350000000000000000e+02 2.260276855468750000e+03 -7.281391601562500000e+02 1.442983818054199219e+01
9.370000000000000000e+02 2.211253906250000000e+03 -7.243627319335937500e+02 1.442987251281738281e+01
9.380000000000000000e+02 2.219561523437500000e+03 -7.250202636718750000e+02 1.442986679077148438e+01
9.390000000000000000e+02 2.186343017578125000e+03 -7.222431640625000000e+02 1.442988967895507812e+01
9.400000000000000000e+02 2.194644531250000000e+03 -7.229741821289062500e+02 1.442988395690917969e+01
9.420000000000000000e+02 2.145675048828125000e+03 -7.185571899414062500e+02 1.442991733551025391e+01
9.430000000000000000e+02 2.111672119140625000e+03 -7.151999511718750000e+02 1.442994117736816406e+01
9.440000000000000000e+02 2.119964843750000000e+03 -7.160241088867187500e+02 1.442993545532226562e+01
9.450000000000000000e+02 2.086808593750000000e+03 -7.125832519531250000e+02 1.442995834350585938e+01
9.460000000000000000e+02 2.095093994140625000e+03 -7.134794921875000000e+02 1.442995262145996094e+01
9.470000000000000000e+02 2.061126464843750000e+03 -7.097811279296875000e+02 1.442997550964355469e+01
9.490000000000000000e+02 2.012293579101562500e+03 -7.040468139648437500e+02 1.443000793457031250e+01
9.500000000000000000e+02 2.020568115234375000e+03 -7.050377197265625000e+02 1.443000316619873047e+01
9.510000000000000000e+02 1.987487182617187500e+03 -7.009344482421875000e+02 1.443002510070800781e+01
9.520000000000000000e+02 1.995753051757812500e+03 -7.019951782226562500e+02 1.443001937866210938e+01
9.540000000000000000e+02 1.913158081054687500e+03 -6.909078369140625000e+02 1.443007373809814453e+01
9.550000000000000000e+02 1.921411010742187500e+03 -6.920654296875000000e+02 1.443006801605224609e+01
9.560000000000000000e+02 1.888418701171875000e+03 -6.873015136718750000e+02 1.443008995056152344e+01
9.570000000000000000e+02 1.896661865234375000e+03 -6.885258789062500000e+02 1.443008422851562500e+01
9.590000000000000000e+02 1.848045532226562500e+03 -6.811791381835937500e+02 1.443461608886718750e+01
9.600000000000000000e+02 1.814305297851562500e+03 -6.757883300781250000e+02 1.445796585083007812e+01
9.610000000000000000e+02 1.822533203125000000e+03 -6.771125488281250000e+02 1.445154666900634766e+01
9.620000000000000000e+02 1.789642700195312500e+03 -6.716899414062500000e+02 1.458095264434814453e+01
9.630000000000000000e+02 1.797860107421875000e+03 -6.730769653320312500e+02 1.452266883850097656e+01
9.640000000000000000e+02 1.764175659179687500e+03 -6.673469238281250000e+02 1.479720878601074219e+01
9.660000000000000000e+02 1.749400756835937500e+03 -6.647590332031250000e+02 1.498781490325927734e+01
9.670000000000000000e+02 1.715774902343750000e+03 -6.586943359375000000e+02 1.559436607360839844e+01
9.680000000000000000e+02 1.723974121093750000e+03 -6.601852416992187500e+02 1.543449401855468750e+01
9.690000000000000000e+02 1.691198608398437500e+03 -6.541062622070312500e+02 1.619133377075195312e+01
9.700000000000000000e+02 1.699387084960937500e+03 -6.556548461914062500e+02 1.597278594970703125e+01
9.710000000000000000e+02 1.665823974609375000e+03 -6.492515869140625000e+02 1.692367935180664062e+01
9.740000000000000000e+02 1.651103759765625000e+03 -6.463688964843750000e+02 1.741416549682617188e+01
9.750000000000000000e+02 1.617606079101562500e+03 -6.396329956054687500e+02 1.870414543151855469e+01
9.760000000000000000e+02 1.625773315429687500e+03 -6.412905883789062500e+02 1.837452316284179688e+01
9.770000000000000000e+02 1.593125854492187500e+03 -6.345577392578125000e+02 1.979451942443847656e+01
9.780000000000000000e+02 1.601282348632812500e+03 -6.362666015625000000e+02 1.941414260864257812e+01
9.790000000000000000e+02 1.567854492187500000e+03 -6.291929321289062500e+02 2.104048728942871094e+01
9.830000000000000000e+02 1.553194824218750000e+03 -6.260166625976562500e+02 2.179476165771484375e+01
9.840000000000000000e+02 1.519838256835937500e+03 -6.186123046875000000e+02 2.356192588806152344e+01
9.850000000000000000e+02 1.527969848632812500e+03 -6.204365844726562500e+02 2.312559509277343750e+01
9.860000000000000000e+02 1.495463378906250000e+03 -6.130527954101562500e+02 2.487092018127441406e+01
9.870000000000000000e+02 1.503585083007812500e+03 -6.149204101562500000e+02 2.443458938598632812e+01
9.880000000000000000e+02 1.470305297851562500e+03 -6.071791381835937500e+02 2.622356796264648438e+01
9.930000000000000000e+02 1.455711914062500000e+03 -6.037106323242187500e+02 2.700892829895019531e+01
9.940000000000000000e+02 1.422510253906250000e+03 -5.956411743164062500e+02 2.879789924621582031e+01
9.950000000000000000e+02 1.430602661132812500e+03 -5.976321411132812500e+02 2.836156845092773438e+01
9.960000000000000000e+02 1.398250122070312500e+03 -5.896006469726562500e+02 3.010689163208007812e+01
9.970000000000000000e+02 1.406333984375000000e+03 -5.916254272460937500e+02 2.967056083679199219e+01
9.980000000000000000e+02 1.373216064453125000e+03 -5.832197875976562500e+02 3.145952224731445312e+01
1.005000000000000000e+03 1.358694946289062500e+03 -5.794606933593750000e+02 3.224237823486328125e+01
1.006000000000000000e+03 1.325660888671875000e+03 -5.707295532226562500e+02 3.400923156738281250e+01
1.007000000000000000e+03 1.333710449218750000e+03 -5.728871459960937500e+02 3.358104705810546875e+01
1.008000000000000000e+03 1.301524536132812500e+03 -5.642115478515625000e+02 3.527579116821289062e+01
1.009000000000000000e+03 1.309567871093750000e+03 -5.663917236328125000e+02 3.485660171508789062e+01
1.010000000000000000e+03 1.276624633789062500e+03 -5.573252563476562500e+02 3.652440643310546875e+01
1.018000000000000000e+03 1.262181274414062500e+03 -5.532770996093750000e+02 3.722916793823242188e+01
1.019000000000000000e+03 1.229328369140625000e+03 -5.438883666992187500e+02 3.876405715942382812e+01
1.020000000000000000e+03 1.237331420898437500e+03 -5.462126464843750000e+02 3.840417098999023438e+01
1.021000000000000000e+03 1.205324829101562500e+03 -5.368967895507812500e+02 3.983584976196289062e+01
1.022000000000000000e+03 1.213325073242187500e+03 -5.392304077148437500e+02 3.947989654541015625e+01
1.023000000000000000e+03 1.180569458007812500e+03 -5.295070190429687500e+02 4.087372207641601562e+01
1.032000000000000000e+03 1.166209594726562500e+03 -5.251717529296875000e+02 4.145745849609375000e+01
1.033000000000000000e+03 1.133550781250000000e+03 -5.151296997070312500e+02 4.271654891967773438e+01
1.034000000000000000e+03 1.141503417968750000e+03 -5.176206665039062500e+02 4.242711257934570312e+01
1.035000000000000000e+03 1.109692504882812500e+03 -5.076567382812500000e+02 4.358486175537109375e+01
1.036000000000000000e+03 1.117645263671875000e+03 -5.101477050781250000e+02 4.329542541503906250e+01
1.037000000000000000e+03 1.085090698242187500e+03 -4.997723693847656250e+02 4.441322708129882812e+01
1.047000000000000000e+03 1.070822509765625000e+03 -4.951442871093750000e+02 4.487281417846679688e+01
1.048000000000000000e+03 1.038370361328125000e+03 -4.844520263671875000e+02 4.585588455200195312e+01
1.049000000000000000e+03 1.046273803710937500e+03 -4.870950317382812500e+02 4.563110733032226562e+01
1.050000000000000000e+03 1.014669738769531250e+03 -4.764936828613281250e+02 4.651774215698242188e+01
1.051000000000000000e+03 1.022568298339843750e+03 -4.791513366699218750e+02 4.629920196533203125e+01
1.052000000000000000e+03 9.902265014648437500e+02 -4.681297912597656250e+02 4.714177703857421875e+01
1.062000000000000000e+03 9.760537109375000000e+02 -4.632176513671875000e+02 4.748015213012695312e+01
1.063000000000000000e+03 9.438214721679687500e+02 -4.518800659179687500e+02 4.818739700317382812e+01
1.064000000000000000e+03 9.516738891601562500e+02 -4.546707763671875000e+02 4.802582931518554688e+01
1.065000000000000000e+03 9.202879638671875000e+02 -4.434406738281250000e+02 4.864324188232421875e+01
1.066000000000000000e+03 9.281284790039062500e+02 -4.462650146484375000e+02 4.849610519409179688e+01
1.067000000000000000e+03 8.960123901367187500e+02 -4.346027832031250000e+02 4.906386566162109375e+01
1.078000000000000000e+03 8.819404296875000000e+02 -4.294089050292968750e+02 4.928116989135742188e+01
1.079000000000000000e+03 8.499401245117187500e+02 -4.174311218261718750e+02 4.971292114257812500e+01
1.080000000000000000e+03 8.577395019531250000e+02 -4.203668518066406250e+02 4.961383819580078125e+01
1.081000000000000000e+03 8.265838012695312500e+02 -4.085133361816406250e+02 4.996234512329101562e+01
1.082000000000000000e+03 8.343623046875000000e+02 -4.115043640136718750e+02 4.988717651367187500e+01
1.083000000000000000e+03 8.024835205078125000e+02 -3.992071228027343750e+02 5.018060684204101562e+01
1.094000000000000000e+03 7.885178833007812500e+02 -3.937339782714843750e+02 5.027698898315429688e+01
1.095000000000000000e+03 7.610221557617187500e+02 -3.828179931640625000e+02 5.041481018066406250e+01
1.200000000000000000e+03 7.125165405273437500e+02 -3.630991821289062500e+02 5.058623504638671875e+01
1.283000000000000000e+03 6.935322265625000000e+02 -3.552178039550781250e+02 5.066479492187500000e+01
1.363000000000000000e+03 6.734339599609375000e+02 -3.467599487304687500e+02 5.076899719238281250e+01
1.583000000000000000e+03 6.209799804687500000e+02 -3.242434387207031250e+02 5.105442047119140625e+01
1.651000000000000000e+03 6.016447143554687500e+02 -3.157690429687500000e+02 5.115997695922851562e+01
1.682000000000000000e+03 7.030860137939453125e+01 -4.235784149169921875e+01 5.414958190917968750e+01
1.716000000000000000e+03 5.822211914062500000e+02 -3.071505126953125000e+02 5.126622772216796875e+01
1.860000000000000000e+03 1.195789108276367188e+02 -7.118212127685546875e+01 5.386416625976562500e+01
1.888000000000000000e+03 5.302272949218750000e+02 -2.835910339355468750e+02 5.155164718627929688e+01
1.913000000000000000e+03 1.376342163085937500e+02 -8.157604217529296875e+01 5.375999832153320312e+01
1.941000000000000000e+03 5.105533447265625000e+02 -2.745147399902343750e+02 5.165998077392578125e+01
1.964000000000000000e+03 1.563371429443359375e+02 -9.223586273193359375e+01 5.365235900878906250e+01
1.990000000000000000e+03 4.918053283691406250e+02 -2.657535095214843750e+02 5.176345443725585938e+01
2.089000000000000000e+03 2.061847686767578125e+02 -1.200504302978515625e+02 5.336693954467773438e+01
2.109000000000000000e+03 4.402998046875000000e+02 -2.411441802978515625e+02 5.204887771606445312e+01
2.126000000000000000e+03 2.249438323974609375e+02 -1.303253784179687500e+02 5.325999450683593750e+01
2.144000000000000000e+03 4.203231201171875000e+02 -2.314100189208984375e+02 5.215998840332031250e+01
2.159000000000000000e+03 2.433705749511718750e+02 -1.403394775390625000e+02 5.315513610839843750e+01
2.176000000000000000e+03 4.022521362304687500e+02 -2.225215301513671875e+02 5.226068496704101562e+01
2.204000000000000000e+03 3.822339782714843750e+02 -2.125576477050781250e+02 5.237248992919921875e+01
2.240000000000000000e+03 2.937359619140625000e+02 -1.672051849365234375e+02 5.286971664428710938e+01
2.253000000000000000e+03 3.378728027343750000e+02 -1.901004943847656250e+02 5.262110137939453125e+01
2.254000000000000000e+03 3.157841186523437500e+02 -1.786915588378906250e+02 5.274541091918945312e+01
